10000 9928 5 32
193 247 321 359 412 445 447 625 659 716 846 938 1014 1112 1147 1232 1393 1403 1459 1737 1878 1903 2040 2098 2326 2414 2454 2462 2597 2654 2720 2771 3073 3225 3762 3808 3821 4018 4176 4201 4504 4507 4571 4699 4740 4761 4823 4860 5654 5955 6371 6625 6883 8095 8279 8316 8376 8408 8527 9015 9505 9664 9679 9693 9729 9839 9850
9 4 2 9 5 6 4 6 2 1 7 3 6 4 4 9 5 1 2 5 8 7 5 2 0 9 6 2 5 6 9 4 1 7 6 7 9 3 2 1 2 1 6 6 3 9 9 4 7 3 3 8 1 4 8 7 1 8 4 7 7 2 6 6 5 2 0
20191203180723 8 4 7 4 5 6 9 6 2 1 7 3 6 4 4 4 7 1 2 3 8 7 6 2 0 9 6 0 5 6 9 9 1 7 8 7 9 3 2 7 2 1 6 1 5 4 4 4 7 3 3 3 1 4 8 2 1 8 9 7 2 2 1 6 6 7 0
20191203211907 9 4 7 9 5 6 4 6 2 1 7 3 6 6 4 9 7 1 2 5 8 7 5 2 0 9 0 0 3 6 9 9 1 7 8 2 4 3 2 7 2 1 6 1 5 9 4 4 7 3 3 2 1 4 8 2 1 8 9 7 7 2 6 6 6 2 0
20191204010930 8 4 7 9 3 6 9 6 2 1 7 3 6 6 4 9 7 1 2 3 8 7 6 2 0 9 0 2 3 6 8 9 7 9 8 2 4 3 2 7 2 1 6 6 5 9 4 4 2 3 3 3 1 4 8 2 1 8 9 7 2 2 6 6 6 2 0
20191204045846 8 4 7 9 5 6 4 6 2 1 7 3 6 6 4 4 7 1 2 3 8 7 5 2 0 9 0 0 3 6 9 9 1 7 8 7 9 3 2 7 2 1 0 6 5 4 4 4 7 3 8 8 1 4 8 2 6 8 9 7 7 2 6 6 5 2 0
20191204090014 8 4 7 4 3 0 4 4 2 1 7 3 6 6 4 4 7 1 2 5 8 7 5 2 0 9 0 0 3 6 8 9 1 9 8 7 9 3 2 7 2 1 6 6 5 9 9 4 7 3 3 3 1 4 8 2 1 8 9 7 7 2 6 6 6 2 0
20191204125245 8 4 2 9 5 6 9 6 2 1 7 3 6 6 4 4 7 1 2 3 3 2 5 2 0 9 0 2 3 1 9 9 1 7 8 7 4 3 2 7 2 1 6 1 5 9 4 4 7 3 3 2 1 1 8 7 1 5 9 2 7 2 6 6 6 2 0
20191204165136 8 4 7 9 3 6 4 6 2 7 9 3 6 4 4 4 7 6 2 3 8 7 5 2 0 9 6 0 3 6 9 9 7 9 8 2 9 3 2 7 2 1 6 6 5 9 9 4 2 3 3 3 1 4 8 2 1 8 9 7 2 2 6 6 5 2 0
20191204204537 8 4 7 4 3 0 4 6 2 1 7 3 6 6 4 4 7 1 2 5 8 7 5 2 0 9 6 0 3 6 9 9 1 9 8 7 9 3 2 1 2 1 6 6 3 4 9 4 2 3 3 3 1 4 8 2 1 8 9 7 2 2 6 6 6 2 0
20191205004812 8 4 7 4 3 6 4 6 2 1 7 3 6 6 4 4 0 1 2 5 8 7 5 2 0 9 0 0 3 6 9 9 1 7 8 7 9 3 2 1 7 7 6 6 5 9 4 4 7 3 3 8 1 4 8 2 1 5 9 7 7 2 6 6 6 2 0
20191205044542 9 4 7 9 5 6 4 6 2 1 7 3 6 4 4 4 7 1 2 3 8 7 5 2 0 9 0 0 3 1 9 9 1 7 8 7 4 3 2 7 7 1 6 6 5 9 4 4 7 3 3 3 1 4 8 2 1 8 4 7 7 2 6 6 5 2 0
20191205084546 9 4 7 9 3 0 9 6 2 1 7 3 6 6 4 4 5 1 2 5 8 7 5 2 0 9 6 0 3 6 9 9 1 7 8 7 9 3 2 1 7 1 6 6 5 9 4 4 7 3 3 3 1 4 8 2 6 8 9 7 7 2 6 6 6 2 0
20191205124412 8 4 7 9 3 6 9 6 7 1 7 3 6 6 4 9 7 1 2 5 8 7 5 2 0 9 6 2 3 6 9 9 1 7 8 2 9 3 2 7 2 1 6 6 5 9 9 4 7 3 3 3 1 4 8 2 6 8 9 7 7 2 6 6 6 2 0
20191205164548 9 4 7 9 3 6 4 6 2 1 7 3 6 6 4 4 5 1 2 3 8 7 5 2 0 9 6 2 3 6 9 9 1 7 8 2 9 3 2 7 2 1 6 6 3 4 9 4 2 3 3 3 1 4 8 2 1 8 9 7 7 2 6 0 5 2 0
20191205205109 8 4 7 9 3 6 4 4 2 1 7 3 6 6 4 4 5 1 2 3 8 7 5 2 0 9 0 2 3 6 9 9 1 9 8 7 9 3 2 7 2 1 6 6 5 9 4 4 7 3 3 8 1 4 8 2 1 8 9 7 7 2 6 6 6 2 0
20191206005443 8 4 7 9 3 6 4 6 7 1 7 3 6 6 4 4 7 1 2 3 8 7 5 2 0 9 0 2 3 6 8 9 1 7 8 7 9 3 2 1 7 1 6 6 3 4 4 4 7 3 3 8 1 4 8 2 1 5 9 7 2 2 6 6 6 2 0
20191206045726 8 4 7 4 5 6 9 6 7 1 7 3 6 6 4 4 7 6 2 5 8 7 6 2 0 9 6 2 3 1 9 9 1 7 8 2 9 3 2 7 2 1 6 6 3 9 4 4 2 3 3 3 1 4 8 2 1 8 9 7 7 2 6 6 6 2 6
20191206085911 8 4 7 4 5 6 9 6 2 1 7 3 6 4 4 4 5 1 2 3 8 7 5 2 0 9 0 2 3 6 9 9 7 7 8 7 9 3 7 7 2 1 6 6 5 4 4 4 7 3 3 8 1 4 8 7 1 5 9 7 7 2 6 6 6 2 0
20191206125554 8 2 7 9 3 6 4 6 7 1 7 3 6 6 4 4 7 1 2 5 8 7 5 2 0 9 0 2 3 6 9 9 1 9 8 7 9 3 2 7 2 1 6 6 5 9 4 4 7 3 3 3 1 4 8 7 1 5 9 7 7 2 6 6 6 2 0
20191207090446 8 4 7 9 3 6 4 6 2 1 7 3 6 6 7 9 7 1 2 3 8 7 5 2 0 9 5 8 3 6 9 9 1 9 6 2 9 3 2 7 2 1 6 6 5 9 4 4 2 3 3 3 1 4 8 7 1 8 9 7 7 2 6 6 6 2 0
20191207125601 8 4 7 4 3 6 4 6 7 1 7 3 6 6 4 4 7 1 2 5 8 7 5 2 0 4 6 0 3 6 9 9 1 7 8 7 9 3 2 7 2 1 6 6 3 4 4 4 2 3 3 8 6 4 8 2 1 8 4 7 2 3 6 6 6 2 0
20191207164632 8 4 7 9 5 6 4 6 7 1 7 3 6 6 4 4 7 1 2 3 8 7 5 2 0 9 6 2 3 6 9 9 7 7 8 7 9 3 2 7 2 1 6 6 5 9 4 4 7 3 3 8 1 4 8 2 1 5 9 7 7 2 6 6 6 2 0
20191207204202 9 4 7 9 3 6 4 6 2 1 7 3 6 6 4 4 7 6 2 3 8 7 6 2 0 9 0 0 3 6 9 4 1 7 8 2 9 3 2 7 7 1 6 6 3 9 9 4 2 8 3 8 1 4 8 2 1 8 9 7 2 2 6 6 6 2 0
20191208003722 8 4 7 9 3 6 9 6 2 1 7 5 6 6 4 4 7 1 2 5 8 7 5 2 0 9 0 2 3 6 8 9 7 7 8 7 9 3 2 7 2 7 6 6 3 4 9 4 2 3 3 3 1 4 8 2 1 8 9 7 2 2 6 6 5 2 0
20191208042747 8 4 7 9 5 6 4 6 7 1 7 3 5 6 4 4 5 6 2 3 8 7 5 2 0 9 0 0 3 6 9 9 1 7 8 7 9 3 2 1 2 7 6 6 3 9 4 4 2 3 3 8 1 4 8 2 6 8 9 7 7 2 6 6 6 2 0
20191208081803 8 4 7 9 3 6 4 6 7 1 7 3 6 4 4 4 7 1 2 3 8 7 5 2 0 9 6 2 3 1 9 9 1 7 8 7 9 3 2 7 2 1 6 6 3 4 9 4 7 3 3 8 1 4 4 2 1 8 9 7 7 2 6 6 6 2 0
20191208121600 8 4 7 9 5 6 4 6 2 1 7 3 6 6 4 4 7 1 2 3 8 7 5 0 0 9 6 0 3 6 9 9 1 7 8 2 9 3 7 1 7 1 6 6 5 4 4 9 2 3 8 8 1 4 8 2 6 8 9 7 7 2 6 6 5 2 0
20191208161738 8 4 7 9 3 6 4 6 7 1 7 3 6 6 4 4 5 1 2 3 8 7 5 2 0 9 0 0 3 1 9 4 1 7 8 7 9 5 2 7 2 3 6 6 5 4 4 4 2 3 3 3 1 4 8 2 1 5 9 7 7 3 6 6 5 2 0
20191208201042 8 4 7 9 5 6 4 4 2 1 7 3 6 6 4 4 7 1 2 5 8 7 5 2 0 9 0 0 3 6 9 9 7 7 8 7 9 5 2 1 2 1 6 6 5 9 4 4 2 3 3 8 1 4 8 2 1 8 9 7 7 2 6 6 5 2 0
20191209000647 8 4 7 9 5 6 4 6 2 1 7 3 6 6 4 4 7 1 2 3 8 7 5 2 5 9 6 0 3 6 9 9 7 7 8 7 9 3 7 7 2 3 6 6 5 9 4 4 7 8 3 3 6 4 8 7 1 5 9 7 7 2 6 6 5 2 0
20191209040351 8 4 7 9 5 6 4 6 2 1 7 3 6 6 4 9 7 1 2 3 3 7 5 2 5 9 0 0 3 1 9 9 1 7 8 7 9 3 2 7 2 1 6 6 5 9 4 4 2 3 3 2 1 4 8 7 1 8 9 2 2 2 6 6 6 2 0
20191209080237 9 4 7 9 5 6 4 6 2 1 7 3 5 6 4 4 7 1 7 3 8 7 5 2 0 9 6 0 3 1 9 9 7 7 8 7 4 3 2 1 7 1 6 6 3 9 4 4 7 3 3 3 1 4 8 2 1 5 9 7 7 2 6 6 5 2 0
20191209120100 9 4 7 9 3 6 4 6 2 1 7 3 6 6 4 4 7 1 2 5 8 7 5 2 0 9 0 0 3 1 9 9 1 7 8 7 9 3 2 7 2 1 6 1 3 9 4 4 7 3 3 3 1 4 8 7 1 5 9 7 7 2 6 6 6 2 0
