10000 9923 6 32
193 321 359 412 445 447 582 625 659 708 938 947 1014 1112 1147 1182 1232 1242 1260 1393 1403 1438 1459 1737 1878 1903 2018 2040 2326 2414 2454 2462 2654 2720 2771 3005 3073 3225 3369 3558 3762 3808 3821 4018 4176 4201 4443 4497 4504 4507 4699 4740 4761 4823 4860 5654 6371 6625 8081 8279 8316 8376 8408 8527 9015 9505 9664 9669 9729 9839 9850
9 2 9 5 6 4 8 6 2 4 3 8 6 4 4 6 9 4 7 5 1 0 2 5 8 7 1 5 0 9 6 2 6 9 4 9 1 7 9 5 6 7 9 3 2 1 3 8 2 1 6 3 9 9 4 7 3 8 4 8 7 1 8 4 7 7 2 4 5 2 0
20191220225200 8 7 9 3 6 4 8 6 2 4 3 8 6 6 4 6 4 4 7 7 1 0 2 3 8 7 1 5 0 9 0 2 6 9 9 9 7 7 9 5 8 7 9 3 2 7 3 8 2 7 6 5 4 9 4 2 3 8 4 4 2 6 8 9 7 7 2 4 6 2 0
20191221024640 9 7 9 5 6 4 8 6 2 4 3 8 6 4 4 6 4 4 7 7 1 0 2 5 8 7 1 5 0 9 0 2 6 8 9 9 1 7 9 5 8 7 9 5 2 7 3 8 2 1 6 5 9 4 9 7 3 3 4 8 2 6 5 9 7 2 3 4 6 2 0
20191221064355 8 7 9 3 6 4 8 6 2 4 3 8 6 6 4 6 4 4 7 7 1 0 2 5 8 7 1 5 0 9 6 0 6 9 9 9 1 7 9 5 8 2 9 3 2 7 3 8 2 1 6 5 9 4 4 7 3 3 4 8 2 1 8 9 7 2 2 4 5 2 6
20191221103828 8 7 9 5 6 4 8 6 2 4 3 8 6 6 4 6 4 4 7 7 1 0 2 5 8 7 1 5 0 4 0 0 6 9 9 9 1 7 9 5 8 7 9 3 2 7 2 7 2 7 6 5 9 4 9 2 8 8 4 8 2 6 8 9 7 7 2 4 6 2 0
20191221142854 8 7 9 3 6 4 8 6 2 4 3 8 6 6 4 6 4 4 7 7 1 0 2 5 8 7 1 5 0 9 6 0 1 9 4 9 1 7 9 5 6 2 9 3 2 7 3 8 2 1 6 5 9 4 4 2 3 3 4 8 2 6 8 9 7 7 2 4 6 2 0
20191221182304 8 7 9 3 6 4 8 6 7 4 3 8 6 6 4 6 9 4 7 7 1 0 2 3 8 7 1 5 0 9 0 2 6 9 9 9 1 7 9 5 8 7 4 3 2 7 3 8 2 1 6 5 9 4 4 2 3 3 4 8 2 1 8 4 7 2 2 4 6 2 0
20191221221815 8 7 9 3 6 9 8 4 2 4 5 8 6 6 4 5 4 4 7 7 6 0 2 5 8 7 1 5 0 9 6 0 6 9 9 9 1 7 9 3 8 7 9 3 2 7 3 8 2 1 6 5 4 4 4 7 3 8 4 8 2 1 8 4 7 2 2 4 6 2 0
20191222021508 9 2 9 5 6 9 8 4 2 4 3 8 6 6 4 6 9 4 7 7 1 5 2 3 3 3 1 5 0 9 0 2 6 9 9 9 1 7 9 5 8 2 9 5 2 7 3 8 2 1 6 5 9 9 4 7 3 2 4 4 7 1 5 9 7 7 3 4 6 2 0
20191226094610 9 7 9 5 6 4 8 4 2 4 3 9 6 4 4 6 9 4 7 7 1 0 2 3 8 7 1 6 0 9 0 2 6 9 9 9 1 7 9 5 8 7 9 3 2 7 3 8 7 1 6 5 9 4 9 2 3 3 4 8 7 6 8 9 7 7 7 4 6 2 0
20191226133332 8 7 9 3 6 4 8 6 2 4 3 8 6 4 4 6 4 4 7 5 1 0 2 5 8 7 1 5 0 4 0 2 6 9 9 9 7 7 9 5 8 7 4 3 2 7 3 8 2 1 6 5 9 4 4 7 3 3 4 8 2 1 5 9 7 7 2 4 6 2 0
20191226172316 8 7 4 3 6 4 8 6 7 8 5 8 6 4 4 6 9 4 7 5 1 0 2 5 8 7 1 5 0 9 0 0 6 9 9 9 1 7 9 5 8 7 4 3 2 7 3 8 7 1 6 3 9 4 4 2 3 8 4 8 2 1 8 4 7 7 3 4 6 2 0
20191226211735 8 7 9 5 6 4 3 6 2 4 3 8 6 6 4 6 4 4 1 7 1 0 2 3 8 7 1 5 0 9 0 0 1 9 4 9 1 7 9 5 8 7 4 3 7 7 3 8 2 1 1 5 9 4 4 7 3 3 4 8 7 1 8 9 7 7 2 4 6 2 0
20191227011355 9 7 9 3 6 4 8 4 2 4 5 8 6 6 4 6 4 4 7 7 1 0 2 5 8 7 1 5 0 9 6 0 6 8 9 4 1 7 9 5 8 7 9 3 2 7 3 8 7 1 6 3 9 4 4 2 3 2 4 8 2 6 8 9 7 7 3 4 6 2 0
20191227051218 8 7 4 5 6 4 3 6 2 4 3 8 6 4 4 6 9 4 7 7 1 0 3 5 8 7 1 5 0 9 0 0 6 9 9 4 1 7 9 5 8 2 9 3 2 7 3 8 2 1 6 5 4 9 4 2 3 8 4 8 2 6 8 4 7 2 2 4 5 2 0
20191227091255 8 7 9 3 6 9 8 6 2 4 3 8 6 6 7 6 4 4 7 5 6 0 2 3 8 7 1 5 0 9 0 2 6 9 9 9 1 7 9 5 8 2 9 3 2 7 3 8 2 3 6 5 4 4 4 2 3 8 4 8 2 6 8 9 7 2 2 4 6 2 0
20191227130920 8 7 4 5 6 9 8 6 7 4 3 8 6 6 4 6 9 4 7 7 1 0 2 3 8 7 1 6 0 9 6 0 6 9 9 9 1 9 9 5 6 2 9 3 2 7 3 8 7 1 6 3 9 9 4 7 3 3 4 8 2 1 8 9 7 7 2 4 6 2 0
20191227171220 8 7 9 3 6 4 8 6 7 4 3 8 6 4 7 6 4 4 7 7 1 0 2 5 8 7 1 5 0 9 0 0 6 9 9 9 1 7 8 5 8 7 9 3 2 7 3 8 2 1 6 5 9 4 4 2 8 8 4 8 2 6 8 9 7 7 2 4 5 2 0
20191227210831 8 7 9 3 6 9 8 6 2 4 3 8 6 6 4 6 4 4 7 7 1 0 2 5 8 7 1 5 0 9 6 2 6 9 9 9 1 7 9 5 8 7 9 3 2 7 3 8 2 1 6 5 4 4 4 2 3 8 9 8 2 6 8 9 7 2 2 4 6 2 0
20191228011057 9 7 9 3 6 4 8 4 2 4 5 8 5 6 4 6 4 4 7 7 1 0 2 5 8 7 1 5 0 9 0 0 6 9 9 9 1 7 9 5 8 7 9 3 7 7 3 8 2 7 6 5 9 4 4 7 3 8 4 8 2 1 8 4 7 7 2 4 6 2 0
20191228051515 9 7 9 3 6 4 8 6 7 4 3 8 6 6 4 6 4 4 7 7 1 0 2 3 8 7 1 5 0 9 6 0 6 9 9 4 1 7 9 5 8 7 9 3 2 7 3 8 2 7 6 3 9 9 4 2 3 3 4 8 2 6 8 9 7 2 2 4 6 2 0
20191228091822 8 7 9 3 6 4 8 6 2 4 3 8 6 6 4 6 4 4 7 7 1 0 2 3 8 7 1 5 0 9 0 2 1 9 9 9 7 7 9 5 8 7 9 3 2 1 3 8 2 1 6 5 9 9 4 2 3 8 4 8 7 6 8 9 7 7 2 4 6 7 0
20191228131849 9 7 9 5 6 9 2 6 2 4 3 8 6 6 4 6 4 4 7 7 1 0 2 5 8 7 1 5 0 9 0 2 1 9 9 9 1 9 9 5 8 7 4 5 7 7 3 8 7 1 6 3 9 4 4 2 3 3 4 8 2 1 8 9 7 2 2 4 6 2 0
20191228171949 8 2 9 5 6 4 8 6 2 4 3 8 6 6 4 6 4 4 7 5 6 0 2 5 8 7 1 5 0 9 0 2 6 9 9 9 1 9 9 5 8 2 9 3 2 7 3 8 2 7 6 5 9 4 4 2 3 8 4 8 2 1 8 9 7 7 2 4 6 2 0
20191228212334 9 7 9 5 6 4 8 6 2 4 3 8 5 6 4 6 4 4 7 7 1 0 2 5 8 7 7 5 5 9 0 2 1 9 4 9 1 9 9 5 8 7 9 5 2 7 3 8 2 1 1 5 4 9 4 7 3 3 4 8 2 1 5 9 7 7 2 4 5 2 0
20191229012912 9 7 4 3 6 4 8 6 7 4 3 8 6 4 4 6 4 4 7 7 1 0 2 5 8 7 1 5 0 9 0 2 6 9 9 9 1 7 9 5 8 2 9 3 2 7 3 8 2 1 6 3 4 4 4 2 3 3 4 8 2 1 8 9 7 7 2 4 6 2 0
20191229054237 8 7 4 3 6 4 8 4 2 4 3 8 6 6 4 6 9 4 7 7 1 0 2 5 8 7 1 5 0 9 0 0 6 9 9 9 1 7 9 5 8 2 4 3 2 7 3 8 2 1 6 5 9 4 4 2 3 3 4 8 2 1 5 9 2 2 2 4 5 2 0
20191229094854 8 7 9 3 0 4 3 6 2 8 3 8 6 6 4 5 4 9 7 5 1 0 2 5 8 7 1 5 0 9 0 0 6 9 9 9 1 7 9 5 8 2 9 3 2 7 3 8 2 3 6 3 4 4 4 2 3 8 4 8 2 6 8 9 7 7 2 4 6 2 0
20191229135730 8 7 4 3 6 4 8 6 2 4 3 8 6 6 4 5 4 4 7 7 1 0 2 5 8 7 1 5 0 9 0 2 6 9 9 4 1 7 9 5 8 7 9 3 2 7 3 8 2 1 6 3 9 9 4 2 3 3 4 8 2 6 8 9 7 7 2 4 6 2 0
20191229180414 8 7 9 3 6 4 8 6 2 4 3 8 6 6 7 6 9 4 7 7 1 0 2 3 8 7 1 5 0 9 0 2 6 9 9 4 1 7 9 5 8 7 4 3 2 7 3 8 7 1 6 5 9 4 4 7 3 3 4 8 2 1 8 4 7 7 3 4 6 2 0
20191229220637 8 7 9 3 6 4 8 6 7 4 3 8 6 6 4 6 4 4 7 7 1 0 2 3 8 7 1 5 0 9 0 0 1 9 9 9 1 9 9 3 8 7 9 3 2 1 3 8 2 7 6 3 4 4 4 7 3 8 4 8 2 1 8 9 7 2 2 7 6 2 0
20191230021151 8 7 9 5 0 4 8 4 2 4 3 8 6 4 4 6 4 4 7 7 1 0 2 5 8 7 1 5 0 9 0 2 6 9 9 9 1 9 9 5 6 7 9 3 2 7 3 8 2 1 6 3 9 4 9 2 3 2 4 8 2 6 8 9 7 2 2 4 5 2 0
20191230061935 9 7 9 3 6 4 8 6 2 4 3 8 6 6 4 6 9 4 7 1 1 0 2 5 3 7 1 5 0 9 0 0 1 9 9 9 1 7 9 5 8 7 9 5 2 7 3 8 2 1 6 5 4 4 4 7 3 2 4 8 7 1 5 9 2 7 2 4 6 7 0
