10000 9928 5 32
193 321 359 409 412 445 447 582 625 659 938 947 1014 1112 1147 1232 1393 1403 1438 1737 1822 1878 1903 2035 2040 2053 2355 2454 2462 2654 2771 3005 3073 3225 3422 3534 3558 3762 3808 3821 4018 4201 4497 4504 4507 4699 4740 4761 4823 4860 5654 5955 6371 6597 6625 6783 8316 8376 8408 8527 9015 9505 9637 9664 9729 9750 9850
9 2 9 1 5 6 4 8 6 2 3 8 6 4 4 9 5 1 0 5 6 8 7 5 5 4 1 6 2 6 4 9 1 7 6 4 5 6 7 9 3 1 8 2 1 6 3 9 9 4 7 3 3 0 8 1 7 1 8 4 7 7 7 2 5 3 0
20191219112134 8 7 4 1 3 6 4 8 6 2 3 8 6 6 4 4 5 1 0 5 6 8 7 5 5 9 1 0 0 6 9 9 1 7 0 4 5 6 7 9 3 7 8 2 1 6 5 9 9 4 2 3 3 0 3 1 2 1 8 4 7 7 7 2 6 3 0
20191219151816 8 7 4 1 3 6 4 8 6 7 3 8 6 6 4 4 7 1 0 5 0 8 7 5 5 4 1 0 0 1 9 9 1 7 0 4 5 8 7 9 3 1 8 2 1 6 5 4 4 4 2 3 3 0 8 1 2 1 8 4 7 7 7 2 6 3 0
20191219190627 8 7 9 1 5 6 4 8 6 2 3 8 6 6 4 4 7 1 0 5 6 8 7 5 5 4 1 0 0 6 9 9 1 7 0 4 5 8 2 9 3 7 8 2 1 6 5 9 4 4 2 3 3 0 2 1 7 6 8 9 7 7 7 2 6 3 0
20191219225621 9 7 9 1 3 6 4 8 4 2 3 8 6 4 4 4 7 6 0 5 6 8 7 5 5 4 1 0 2 6 4 9 1 7 0 4 5 8 2 9 3 7 8 2 7 6 5 9 9 4 7 3 3 0 3 1 2 1 8 9 7 7 7 2 6 3 0
20191220025125 8 7 4 1 3 6 4 8 6 7 5 8 6 6 4 4 5 1 0 5 6 8 7 5 5 4 1 0 2 6 9 9 1 7 0 4 5 8 7 4 3 7 8 2 1 6 5 9 4 4 7 3 3 0 2 1 2 6 8 9 7 2 7 2 6 3 0
20191220064744 8 7 9 1 3 6 4 8 6 7 3 8 6 6 4 4 5 1 0 5 6 8 7 5 5 4 1 6 2 2 9 4 1 7 0 4 5 8 7 9 3 7 8 2 1 6 5 9 4 4 2 3 3 0 8 1 2 6 8 9 7 2 7 2 5 3 0
20191220105213 8 7 9 1 3 6 4 8 6 2 3 8 6 6 4 4 7 1 0 3 6 8 7 5 5 4 1 0 0 6 9 9 1 7 0 4 5 8 2 9 3 7 8 2 1 6 5 9 4 4 7 8 3 0 8 1 2 1 8 9 7 2 7 2 6 3 0
20191220144742 9 7 4 1 5 6 4 8 4 2 3 8 6 6 4 4 7 1 0 5 6 8 7 5 6 4 1 0 2 6 9 9 1 7 0 4 5 8 2 9 3 7 8 2 1 1 5 9 4 4 2 3 3 0 2 1 2 1 8 4 7 2 7 2 5 3 0
20191220184543 9 2 9 1 3 0 4 8 4 2 3 8 6 4 4 9 7 1 0 5 6 8 7 5 5 4 1 0 2 1 4 9 1 9 0 4 5 8 7 9 3 7 8 7 1 6 5 9 9 9 2 3 3 0 2 1 7 1 5 9 2 7 7 2 6 3 0
20191222090844 8 7 9 1 3 0 4 8 4 2 3 8 6 6 4 4 7 6 0 3 6 8 7 5 6 4 1 0 2 6 9 9 1 7 0 4 5 8 7 9 3 7 8 2 1 6 5 9 4 4 2 3 3 0 8 1 2 1 8 9 7 7 7 2 6 3 0
20191222130229 8 2 9 1 5 6 9 8 6 2 3 8 6 6 4 4 5 1 0 5 6 8 2 5 5 4 1 6 2 6 4 9 1 7 6 4 5 8 7 4 5 1 8 2 1 6 5 9 4 4 7 3 3 0 2 1 2 1 5 9 7 7 7 2 6 9 6
20191222165713 9 2 9 1 5 6 4 8 6 2 3 8 6 6 4 4 7 6 0 3 6 3 7 5 5 4 1 6 2 6 4 9 7 7 0 4 5 8 2 9 3 7 8 2 1 6 5 9 4 4 2 3 8 0 3 1 2 1 8 9 7 7 7 2 6 3 0
20191222205237 8 7 9 1 3 6 9 8 4 2 3 8 6 6 4 4 7 1 0 3 6 8 7 5 5 4 1 6 0 6 9 9 1 7 0 4 5 8 2 9 3 7 8 2 1 6 3 9 9 4 7 3 3 0 8 1 2 6 8 9 7 7 7 2 6 3 0
20191223005620 8 7 9 1 3 6 4 8 6 7 3 8 6 6 4 4 7 1 0 3 6 8 7 5 5 4 6 0 2 6 9 9 1 7 0 4 3 8 7 4 3 1 8 2 1 6 3 9 4 4 2 3 3 0 8 1 2 6 8 9 7 7 7 2 6 3 0
20191223044813 9 7 9 1 5 0 4 8 6 2 3 8 6 6 4 4 7 1 0 5 6 3 7 5 5 4 1 0 2 6 9 9 1 7 0 4 5 8 7 9 3 1 8 2 1 6 5 9 4 4 7 3 3 0 3 1 2 1 8 9 7 2 7 3 6 3 0
20191223084744 8 7 9 1 5 6 9 8 6 7 3 8 6 6 4 4 7 1 0 3 6 8 7 5 5 4 1 6 0 6 9 9 1 7 0 4 5 8 7 9 3 7 8 2 1 6 5 9 4 4 2 3 3 0 8 6 2 1 8 9 7 7 7 2 6 3 0
20191223125027 8 7 9 1 3 6 4 8 4 7 3 8 6 6 4 4 7 1 0 5 6 8 7 5 5 4 1 0 0 6 9 9 1 7 0 4 5 8 2 9 3 7 8 2 1 6 3 9 4 4 2 3 3 0 2 1 2 1 5 9 7 7 9 2 5 3 0
20191223164802 8 7 9 1 3 6 4 8 6 2 3 8 6 4 4 4 7 6 0 5 6 8 7 5 5 4 1 6 2 6 9 9 1 7 0 4 5 8 2 9 3 7 8 2 1 6 5 9 4 9 2 3 3 0 2 1 2 6 5 4 7 7 7 2 6 3 0
20191223204508 8 7 9 5 5 6 4 8 4 2 3 8 6 6 4 4 7 1 5 5 6 8 7 5 5 4 1 6 2 6 9 9 7 9 0 4 5 8 7 9 3 7 8 2 7 6 3 9 4 4 2 3 3 0 8 1 2 6 8 9 7 2 7 2 5 3 0
20191224004726 8 7 9 1 3 6 4 8 6 7 3 8 6 6 4 4 7 1 0 5 6 8 7 5 5 4 1 0 0 6 9 9 1 7 0 4 5 8 7 9 3 7 8 7 1 6 5 9 4 4 7 3 3 0 2 1 2 6 8 9 7 7 7 2 6 3 0
20191224044743 8 7 9 1 3 0 4 8 6 2 3 8 5 6 4 4 7 1 0 5 6 3 7 5 5 4 1 0 0 1 9 9 1 7 0 4 5 8 7 9 3 7 7 2 1 6 5 9 4 4 7 3 3 0 3 1 7 1 8 9 7 2 7 2 5 3 0
20191224084058 9 7 9 1 3 6 4 8 4 7 3 8 6 6 4 4 5 1 0 5 6 8 7 5 5 4 1 6 0 6 9 9 1 7 0 4 5 8 7 9 3 7 8 2 1 6 5 9 4 9 2 3 3 0 8 1 2 1 8 9 7 2 7 2 6 3 0
20191224124046 8 7 9 1 3 6 4 8 4 7 3 8 6 6 4 9 7 1 0 3 6 8 7 5 5 4 1 6 2 6 9 9 1 7 0 4 5 8 7 9 3 7 8 7 1 1 3 9 4 9 7 3 3 0 3 1 2 1 8 9 7 7 7 2 6 3 0
20191224163927 8 7 4 1 3 6 4 8 4 2 3 8 6 6 4 4 5 1 0 3 6 8 7 5 5 4 1 6 0 6 9 9 1 7 0 4 5 8 7 9 3 7 8 2 1 6 3 9 4 9 2 3 3 0 8 1 2 1 8 9 7 7 7 2 6 3 0
20191224203754 9 7 9 1 5 0 9 8 6 2 3 9 6 6 4 9 7 1 0 3 6 8 7 3 5 4 1 6 0 1 9 9 1 7 0 8 5 8 7 9 3 7 8 2 1 6 5 9 4 4 7 3 3 7 2 1 7 1 8 9 7 2 7 2 6 3 0
20191225004015 8 7 9 1 3 6 4 8 4 2 3 8 6 6 7 4 7 1 0 5 6 8 7 5 5 4 1 0 2 6 9 9 1 9 0 4 3 8 2 9 3 7 8 2 1 6 5 9 4 4 7 3 3 0 8 1 2 1 8 9 7 7 7 2 5 3 0
20191225043742 8 7 9 1 3 6 4 8 6 2 3 8 6 6 4 4 5 6 0 5 6 8 7 5 5 4 1 0 0 6 9 9 1 7 0 4 5 8 7 4 3 7 8 2 7 6 3 9 4 4 2 3 3 0 3 1 2 6 8 9 7 7 7 2 6 3 0
20191225083636 8 7 9 1 3 6 9 8 6 2 3 8 6 6 4 4 7 1 0 3 6 8 7 5 5 4 1 6 0 6 9 9 1 7 0 4 5 8 7 9 3 7 8 2 1 6 5 9 9 4 2 3 3 0 8 1 2 6 8 9 7 2 7 2 6 3 0
20191225124136 8 7 9 1 3 6 4 8 6 2 3 8 6 6 4 4 7 1 0 3 6 8 7 5 5 4 1 0 0 6 9 9 7 7 0 4 5 8 2 9 3 7 8 2 7 6 5 4 4 4 7 3 3 0 8 1 2 1 8 9 7 7 7 2 5 3 0
20191225164123 8 7 9 1 3 6 4 3 4 2 3 8 6 4 4 4 7 6 0 5 6 8 7 5 5 4 1 6 2 6 9 9 1 7 0 4 5 8 2 9 3 7 8 2 1 6 5 4 4 4 2 3 3 0 3 1 2 6 8 9 7 2 7 2 6 3 0
20191225205045 8 7 4 1 3 6 9 8 6 7 5 8 6 6 4 9 5 6 0 3 6 8 7 5 5 4 1 6 0 6 9 9 7 7 0 4 5 8 7 9 3 7 8 7 9 6 3 9 9 4 7 3 3 0 8 1 2 1 8 9 7 2 7 2 5 3 0
20191226005728 8 7 9 1 3 0 4 8 6 2 5 8 6 4 4 4 5 1 0 5 6 8 7 5 5 4 1 0 2 6 9 9 7 7 0 4 5 8 2 9 3 7 8 2 7 6 5 9 9 4 2 3 3 0 8 1 2 1 8 9 7 7 7 2 6 3 0
